rise2 h2
3364.0 31.82422117586876
3249.0 30.623872783464435
3136.0 32.57526351131375
3025.0 31.67642825821804
2916.0 30.06235941838497
8649.0 81.57514405008385
2500.0 77.20696962221518
8649.0 84.12795739465102
9025.0 83.97707392298747
9409.0 93.16244004807322
5776.0 55.46122867057676
6084.0 58.315475091454346
5625.0 53.681653108916976
6400.0 61.11118757925021
4624.0 47.65809711658312
4761.0 45.505833263427576
5041.0 42.71778814987215
4489.0 43.521508476508586
4900.0 45.90885180470326
4761.0 41.65333281867984
13924.0 130.03238814734704
13689.0 128.93067177407625
13689.0 126.76915427702396
13689.0 129.92586024933075
9216.0 86.32147227334593
9409.0 87.64650197939159
9409.0 85.44689081730144
8836.0 86.86344033908452
9216.0 85.48393142284127
7056.0 67.32748271397548
3969.0 36.28037670212967
3844.0 34.299675650560175
3969.0 36.9286695604236
3844.0 35.304152059890725
10609.0 94.57845648984494
10404.0 95.27628601513834
10201.0 95.2320733913332
10404.0 94.98374635156556
10404.0 96.62530149349374
7396.0 66.55792392778255
7225.0 67.61230558017735
7056.0 66.3768661105479
6724.0 67.48686705467117
7056.0 66.75750775439951
4356.0 38.058422534663805
3844.0 32.43479260943258
3721.0 34.63842263890501
3969.0 37.39038986956888
3721.0 36.72123647928629
10201.0 95.09960263372795
10000.0 95.44245276898998
10201.0 96.64511043424886
9801.0 93.51824644279304
9604.0 93.88102229269236
7396.0 64.8970731487318
7225.0 66.08892020438589
7569.0 67.48583514038523
6724.0 65.10563408821565
7921.0 65.8440336008764
