delta golfeg golfzo teniseg teniszo
0.0 -0.0045556179311679 -0.0139536786584347 -0.0232199423884891 -0.0228256038850132
0.5 -0.002822633908622 -0.013268416091182 -0.022120519764838 -0.021516650233943
1.0 -0.0010393484247392 -0.0125641821278551 -0.0209899007841229 -0.0201701042155085
1.5 0.0007960707741683 -0.0118403521056967 -0.0198270183743487 -0.0187846621959529
2.0 0.0026855438549471 -0.0110962752255013 -0.0186307581896581 -0.0173589620872724
2.5 0.0046310843449558 -0.01033127319005 -0.0173999559464439 -0.0158915800144029
3.0 0.0066348050040089 -0.0095446387565847 -0.0161333945734904 -0.0143810267466192
3.5 0.0086989241615308 -0.0087356341968946 -0.0148298011604307 -0.0128257438728977
4.0 0.0108257725642123 -0.0079034896580321 -0.0134878436872351 -0.0112240996989224
4.5 0.0130178007847625 -0.0070474014160582 -0.0121061275156839 -0.0095743848410925
5.0 0.0152775872483853 -0.0061665300145455 -0.0106831916218101 -0.0078748074902865
5.5 0.0176078469404917 -0.0052599982788177 -0.0092175045460902 -0.0061234883152088
6.0 0.0200114408670318 -0.0043268891960889 -0.0077074600356833 -0.0043184549718487
6.5 0.0224913863478594 -0.0033662436507536 -0.0061513723502308 -0.0024576361818586
7.0 0.0250508682339172 -0.0023770580030774 -0.0045474711995874 -0.0005388553384482
7.5 0.0276932511509963 -0.0013582814984301 -0.0028938962783042 0.0014401764063779
8.0 0.0304220928866526 -0.0003088134929666 -0.0011886913576712 0.0034818676248377
8.5 0.0332411590529063 0.0007724995197001 0.0005702021084291 0.0055887547244094
9.0 0.0361544391760046 0.0018868670978109 0.0023849519127828 0.0077635107517064
9.5 0.0391661643863098 0.0030355582754242 0.0042578426140353 0.0100089549620707
10.0 0.0422808269068732 0.0042199052415812 0.0061912837073704 0.0123280632370185
10.5 0.0455032015692335 0.005441307297324 0.0081878185159321 0.0147239794423221
11.0 0.0488383696203384 0.0067012351155709 0.0102501338810945 0.0172000278318039
11.5 0.0522917451263726 0.0080012353314783 0.0123810707398614 0.0197597266161426
12.0 0.0558691043290838 0.0093429354938715 0.014583635689418 0.0224068028325119
